(kicad_pcb (version 20171130) (host pcbnew 5.1.5-52549c5~84~ubuntu18.04.1)

  (general
    (thickness 1.6)
    (drawings 5)
    (tracks 173)
    (zones 0)
    (modules 20)
    (nets 62)
  )

  (page A4)
  (title_block
    (title "CropDroid Reservoir")
    (rev v1)
    (company "Automate The Things, LLC")
    (comment 3 "License: Proprietary")
    (comment 4 "Author: Jeremy Hahn")
  )

  (layers
    (0 F.Cu signal)
    (31 B.Cu signal)
    (32 B.Adhes user)
    (33 F.Adhes user)
    (34 B.Paste user)
    (35 F.Paste user)
    (36 B.SilkS user)
    (37 F.SilkS user)
    (38 B.Mask user)
    (39 F.Mask user)
    (40 Dwgs.User user)
    (41 Cmts.User user)
    (42 Eco1.User user)
    (43 Eco2.User user)
    (44 Edge.Cuts user)
    (45 Margin user)
    (46 B.CrtYd user)
    (47 F.CrtYd user)
    (48 B.Fab user)
    (49 F.Fab user)
  )

  (setup
    (last_trace_width 0.254)
    (user_trace_width 0.762)
    (user_trace_width 2.794)
    (user_trace_width 3.81)
    (user_trace_width 5.08)
    (user_trace_width 6.35)
    (user_trace_width 12.7)
    (trace_clearance 0.254)
    (zone_clearance 0.508)
    (zone_45_only no)
    (trace_min 0.1524)
    (via_size 0.762)
    (via_drill 0.381)
    (via_min_size 0.6858)
    (via_min_drill 0.3302)
    (uvia_size 0.762)
    (uvia_drill 0.381)
    (uvias_allowed no)
    (uvia_min_size 0.6858)
    (uvia_min_drill 0.3302)
    (edge_width 0.05)
    (segment_width 0.2)
    (pcb_text_width 0.3)
    (pcb_text_size 1.5 1.5)
    (mod_edge_width 0.12)
    (mod_text_size 1 1)
    (mod_text_width 0.15)
    (pad_size 1.524 1.524)
    (pad_drill 0.762)
    (pad_to_mask_clearance 0.051)
    (solder_mask_min_width 0.25)
    (aux_axis_origin 0 0)
    (visible_elements FFFFFF7F)
    (pcbplotparams
      (layerselection 0x010fc_ffffffff)
      (usegerberextensions false)
      (usegerberattributes false)
      (usegerberadvancedattributes false)
      (creategerberjobfile false)
      (excludeedgelayer true)
      (linewidth 0.100000)
      (plotframeref false)
      (viasonmask false)
      (mode 1)
      (useauxorigin false)
      (hpglpennumber 1)
      (hpglpenspeed 20)
      (hpglpendiameter 15.000000)
      (psnegative false)
      (psa4output false)
      (plotreference true)
      (plotvalue true)
      (plotinvisibletext false)
      (padsonsilk false)
      (subtractmaskfromsilk false)
      (outputformat 1)
      (mirror false)
      (drillshape 1)
      (scaleselection 1)
      (outputdirectory ""))
  )

  (net 0 "")
  (net 1 "Net-(CON1-Pad3)")
  (net 2 "Net-(CON1-Pad2)")
  (net 3 GND)
  (net 4 "Net-(CON2-Pad2)")
  (net 5 "Net-(CON2-Pad3)")
  (net 6 "Net-(CON3-Pad3)")
  (net 7 "Net-(CON3-Pad2)")
  (net 8 "Net-(CON4-Pad3)")
  (net 9 "Net-(CON4-Pad2)")
  (net 10 "Net-(CON5-Pad1)")
  (net 11 "Net-(CON5-Pad2)")
  (net 12 "Net-(CON5-Pad3)")
  (net 13 "Net-(J2-Pad1)")
  (net 14 "Net-(J2-Pad2)")
  (net 15 "Net-(J4-Pad2)")
  (net 16 "Net-(J4-Pad1)")
  (net 17 "Net-(J5-Pad1)")
  (net 18 "Net-(J5-Pad2)")
  (net 19 "Net-(J6-Pad1)")
  (net 20 "Net-(J6-Pad2)")
  (net 21 "Net-(J6-Pad3)")
  (net 22 "Net-(J6-Pad4)")
  (net 23 "Net-(J6-Pad5)")
  (net 24 "Net-(J6-Pad6)")
  (net 25 "Net-(J6-Pad7)")
  (net 26 "Net-(J6-Pad8)")
  (net 27 "Net-(J6-Pad9)")
  (net 28 "Net-(J6-Pad10)")
  (net 29 "Net-(J6-Pad11)")
  (net 30 "Net-(J6-Pad12)")
  (net 31 "Net-(J6-Pad13)")
  (net 32 "Net-(J6-Pad14)")
  (net 33 "Net-(J6-Pad15)")
  (net 34 "Net-(J6-Pad16)")
  (net 35 "Net-(J6-Pad17)")
  (net 36 "Net-(J6-Pad18)")
  (net 37 "Net-(J6-Pad20)")
  (net 38 "Net-(J6-Pad21)")
  (net 39 "Net-(J6-Pad22)")
  (net 40 "Net-(J6-Pad23)")
  (net 41 "Net-(J6-Pad24)")
  (net 42 "Net-(J6-Pad25)")
  (net 43 "Net-(J6-Pad26)")
  (net 44 "Net-(J6-Pad27)")
  (net 45 "Net-(J6-Pad28)")
  (net 46 "Net-(J6-Pad29)")
  (net 47 "Net-(J6-Pad30)")
  (net 48 "Net-(J6-Pad31)")
  (net 49 "Net-(J6-Pad32)")
  (net 50 "Net-(J6-Pad33)")
  (net 51 "Net-(J6-Pad34)")
  (net 52 "Net-(J6-Pad35)")
  (net 53 "Net-(J6-Pad36)")
  (net 54 "Net-(J7-Pad3)")
  (net 55 "Net-(K1-Pad1)")
  (net 56 "Net-(K2-Pad1)")
  (net 57 "Net-(K3-Pad1)")
  (net 58 "Net-(Q1-Pad12)")
  (net 59 "Net-(Q1-Pad16)")
  (net 60 "Net-(J3-Pad2)")
  (net 61 +12V)

  (net_class Default "This is the default net class."
    (clearance 0.254)
    (trace_width 0.254)
    (via_dia 0.762)
    (via_drill 0.381)
    (uvia_dia 0.762)
    (uvia_drill 0.381)
    (add_net +12V)
    (add_net GND)
    (add_net "Net-(CON1-Pad2)")
    (add_net "Net-(CON1-Pad3)")
    (add_net "Net-(CON2-Pad2)")
    (add_net "Net-(CON2-Pad3)")
    (add_net "Net-(CON3-Pad2)")
    (add_net "Net-(CON3-Pad3)")
    (add_net "Net-(CON4-Pad2)")
    (add_net "Net-(CON4-Pad3)")
    (add_net "Net-(CON5-Pad1)")
    (add_net "Net-(CON5-Pad2)")
    (add_net "Net-(CON5-Pad3)")
    (add_net "Net-(J2-Pad1)")
    (add_net "Net-(J2-Pad2)")
    (add_net "Net-(J3-Pad2)")
    (add_net "Net-(J4-Pad1)")
    (add_net "Net-(J4-Pad2)")
    (add_net "Net-(J5-Pad1)")
    (add_net "Net-(J5-Pad2)")
    (add_net "Net-(J6-Pad1)")
    (add_net "Net-(J6-Pad10)")
    (add_net "Net-(J6-Pad11)")
    (add_net "Net-(J6-Pad12)")
    (add_net "Net-(J6-Pad13)")
    (add_net "Net-(J6-Pad14)")
    (add_net "Net-(J6-Pad15)")
    (add_net "Net-(J6-Pad16)")
    (add_net "Net-(J6-Pad17)")
    (add_net "Net-(J6-Pad18)")
    (add_net "Net-(J6-Pad2)")
    (add_net "Net-(J6-Pad20)")
    (add_net "Net-(J6-Pad21)")
    (add_net "Net-(J6-Pad22)")
    (add_net "Net-(J6-Pad23)")
    (add_net "Net-(J6-Pad24)")
    (add_net "Net-(J6-Pad25)")
    (add_net "Net-(J6-Pad26)")
    (add_net "Net-(J6-Pad27)")
    (add_net "Net-(J6-Pad28)")
    (add_net "Net-(J6-Pad29)")
    (add_net "Net-(J6-Pad3)")
    (add_net "Net-(J6-Pad30)")
    (add_net "Net-(J6-Pad31)")
    (add_net "Net-(J6-Pad32)")
    (add_net "Net-(J6-Pad33)")
    (add_net "Net-(J6-Pad34)")
    (add_net "Net-(J6-Pad35)")
    (add_net "Net-(J6-Pad36)")
    (add_net "Net-(J6-Pad4)")
    (add_net "Net-(J6-Pad5)")
    (add_net "Net-(J6-Pad6)")
    (add_net "Net-(J6-Pad7)")
    (add_net "Net-(J6-Pad8)")
    (add_net "Net-(J6-Pad9)")
    (add_net "Net-(J7-Pad3)")
    (add_net "Net-(K1-Pad1)")
    (add_net "Net-(K2-Pad1)")
    (add_net "Net-(K3-Pad1)")
    (add_net "Net-(Q1-Pad12)")
    (add_net "Net-(Q1-Pad16)")
  )

  (module digikey-footprints:Term_Block_1x2_P5mm (layer F.Cu) (tedit 5D4199AF) (tstamp 5E3AEE01)
    (at 117.856 67.056 180)
    (descr http://www.on-shore.com/wp-content/uploads/2015/09/osttcxx0162.pdf)
    (path /5E406204)
    (fp_text reference J2 (at 2.7 -4.8) (layer F.SilkS)
      (effects (font (size 1 1) (thickness 0.15)))
    )
    (fp_text value OSTTC020162 (at 2.05 5.05) (layer F.Fab)
      (effects (font (size 1 1) (thickness 0.15)))
    )
    (fp_text user %R (at 2.5 0) (layer F.Fab)
      (effects (font (size 1 1) (thickness 0.15)))
    )
    (fp_line (start 7.6 3.85) (end 7.1 3.85) (layer F.SilkS) (width 0.1))
    (fp_line (start 7.6 3.85) (end 7.6 3.35) (layer F.SilkS) (width 0.1))
    (fp_line (start -2.6 3.85) (end -2.6 3.35) (layer F.SilkS) (width 0.1))
    (fp_line (start -2.6 3.85) (end -2.1 3.85) (layer F.SilkS) (width 0.1))
    (fp_line (start -2.6 -3.85) (end -2.1 -3.85) (layer F.SilkS) (width 0.1))
    (fp_line (start -2.6 -3.85) (end -2.6 -3.4) (layer F.SilkS) (width 0.1))
    (fp_line (start 7.6 -3.85) (end 7.6 -3.4) (layer F.SilkS) (width 0.1))
    (fp_line (start 7.6 -3.85) (end 7.1 -3.85) (layer F.SilkS) (width 0.1))
    (fp_line (start -2.75 -4) (end 7.75 -4) (layer F.CrtYd) (width 0.05))
    (fp_line (start 7.75 -4) (end 7.75 4) (layer F.CrtYd) (width 0.05))
    (fp_line (start -2.75 4) (end 7.75 4) (layer F.CrtYd) (width 0.05))
    (fp_line (start 7.5 -3.75) (end 7.5 3.75) (layer F.Fab) (width 0.1))
    (fp_line (start 7.5 3.75) (end -2.5 3.75) (layer F.Fab) (width 0.1))
    (fp_line (start 7.5 -3.75) (end -2.5 -3.75) (layer F.Fab) (width 0.1))
    (fp_line (start -2.75 -4) (end -2.75 4) (layer F.CrtYd) (width 0.05))
    (fp_line (start -2.5 -3.75) (end -2.5 3.75) (layer F.Fab) (width 0.1))
    (pad 1 thru_hole rect (at 0 0 180) (size 2.5 2.5) (drill 1.3) (layers *.Cu *.Mask)
      (net 13 "Net-(J2-Pad1)"))
    (pad 2 thru_hole circle (at 5 0 180) (size 2.5 2.5) (drill 1.3) (layers *.Cu *.Mask)
      (net 14 "Net-(J2-Pad2)"))
  )

  (module digikey-footprints:Headphone_Jack_3.5mm_SJ1-3523N (layer F.Cu) (tedit 5C87D9A9) (tstamp 5E3852EC)
    (at 111.506 120.396 90)
    (descr http://www.cui.com/product/resource/sj1-352xn-series.pdf)
    (path /5E481A9A)
    (fp_text reference CON1 (at -4.5 -7 90) (layer F.SilkS)
      (effects (font (size 1 1) (thickness 0.15)))
    )
    (fp_text value SJ1-3523N (at -4.25 7.5 90) (layer F.Fab)
      (effects (font (size 1 1) (thickness 0.15)))
    )
    (fp_line (start -11.75 -6.25) (end 3.25 -6.25) (layer F.CrtYd) (width 0.05))
    (fp_line (start 3.25 -6.25) (end 3.25 6.25) (layer F.CrtYd) (width 0.05))
    (fp_line (start -11.75 -6.25) (end -11.75 6.25) (layer F.CrtYd) (width 0.05))
    (fp_line (start -11.75 6.25) (end 3.25 6.25) (layer F.CrtYd) (width 0.05))
    (fp_line (start -10.8 6.1) (end -11.4 6.1) (layer F.SilkS) (width 0.1))
    (fp_line (start -11.4 6.1) (end -11.4 4.9) (layer F.SilkS) (width 0.1))
    (fp_line (start 2.2 6.1) (end 2.8 6.1) (layer F.SilkS) (width 0.1))
    (fp_line (start 2.8 6.1) (end 2.8 4.7) (layer F.SilkS) (width 0.1))
    (fp_line (start 2.2 -6.1) (end 2.8 -6.1) (layer F.SilkS) (width 0.1))
    (fp_line (start 2.8 -6.1) (end 2.8 -4.6) (layer F.SilkS) (width 0.1))
    (fp_line (start -10.1 -6.1) (end -10.5 -6.1) (layer F.SilkS) (width 0.1))
    (fp_line (start -10.5 -6.1) (end -11.4 -5.2) (layer F.SilkS) (width 0.1))
    (fp_line (start -11.4 -5.2) (end -11.4 -4.9) (layer F.SilkS) (width 0.1))
    (fp_line (start -11.4 -4.9) (end -11.6 -4.9) (layer F.SilkS) (width 0.1))
    (fp_line (start -11.3 -5.1) (end -11.3 6) (layer F.Fab) (width 0.1))
    (fp_line (start -10.4 -6) (end 2.7 -6) (layer F.Fab) (width 0.1))
    (fp_line (start -11.3 -5.1) (end -10.4 -6) (layer F.Fab) (width 0.1))
    (fp_text user %R (at -8.25 0 90) (layer F.Fab)
      (effects (font (size 1 1) (thickness 0.15)))
    )
    (fp_line (start 2.7 -6) (end 2.7 6) (layer F.Fab) (width 0.1))
    (fp_line (start -11.3 6) (end 2.7 6) (layer F.Fab) (width 0.1))
    (pad 3 thru_hole rect (at 0 -5 90) (size 2.5 1.8) (drill oval 1.5 0.8) (layers *.Cu *.Mask)
      (net 1 "Net-(CON1-Pad3)"))
    (pad 2 thru_hole rect (at 0 5 90) (size 2.5 1.8) (drill oval 1.5 0.8) (layers *.Cu *.Mask)
      (net 2 "Net-(CON1-Pad2)"))
    (pad 1 thru_hole rect (at -5 0 90) (size 1.8 2.5) (drill oval 0.8 1.5) (layers *.Cu *.Mask)
      (net 3 GND))
    (pad "" np_thru_hole circle (at 0 0 90) (size 1.2 1.2) (drill 1.2) (layers *.Cu *.Mask))
    (pad "" np_thru_hole circle (at -5 -5 90) (size 1.2 1.2) (drill 1.2) (layers *.Cu *.Mask))
    (pad "" np_thru_hole circle (at -7.5 -5 90) (size 1.2 1.2) (drill 1.2) (layers *.Cu *.Mask))
    (pad "" np_thru_hole circle (at -5 5 90) (size 1.2 1.2) (drill 1.2) (layers *.Cu *.Mask))
    (pad "" np_thru_hole circle (at -7.5 5 90) (size 1.2 1.2) (drill 1.2) (layers *.Cu *.Mask))
  )

  (module digikey-footprints:Headphone_Jack_3.5mm_SJ1-3523N (layer F.Cu) (tedit 5C87D9A9) (tstamp 5E38530C)
    (at 127 120.396 90)
    (descr http://www.cui.com/product/resource/sj1-352xn-series.pdf)
    (path /5E21D609)
    (fp_text reference CON2 (at -4.5 -7 90) (layer F.SilkS)
      (effects (font (size 1 1) (thickness 0.15)))
    )
    (fp_text value SJ1-3523N (at -4.25 7.5 90) (layer F.Fab)
      (effects (font (size 1 1) (thickness 0.15)))
    )
    (fp_line (start -11.3 6) (end 2.7 6) (layer F.Fab) (width 0.1))
    (fp_line (start 2.7 -6) (end 2.7 6) (layer F.Fab) (width 0.1))
    (fp_text user %R (at -8.25 0 90) (layer F.Fab)
      (effects (font (size 1 1) (thickness 0.15)))
    )
    (fp_line (start -11.3 -5.1) (end -10.4 -6) (layer F.Fab) (width 0.1))
    (fp_line (start -10.4 -6) (end 2.7 -6) (layer F.Fab) (width 0.1))
    (fp_line (start -11.3 -5.1) (end -11.3 6) (layer F.Fab) (width 0.1))
    (fp_line (start -11.4 -4.9) (end -11.6 -4.9) (layer F.SilkS) (width 0.1))
    (fp_line (start -11.4 -5.2) (end -11.4 -4.9) (layer F.SilkS) (width 0.1))
    (fp_line (start -10.5 -6.1) (end -11.4 -5.2) (layer F.SilkS) (width 0.1))
    (fp_line (start -10.1 -6.1) (end -10.5 -6.1) (layer F.SilkS) (width 0.1))
    (fp_line (start 2.8 -6.1) (end 2.8 -4.6) (layer F.SilkS) (width 0.1))
    (fp_line (start 2.2 -6.1) (end 2.8 -6.1) (layer F.SilkS) (width 0.1))
    (fp_line (start 2.8 6.1) (end 2.8 4.7) (layer F.SilkS) (width 0.1))
    (fp_line (start 2.2 6.1) (end 2.8 6.1) (layer F.SilkS) (width 0.1))
    (fp_line (start -11.4 6.1) (end -11.4 4.9) (layer F.SilkS) (width 0.1))
    (fp_line (start -10.8 6.1) (end -11.4 6.1) (layer F.SilkS) (width 0.1))
    (fp_line (start -11.75 6.25) (end 3.25 6.25) (layer F.CrtYd) (width 0.05))
    (fp_line (start -11.75 -6.25) (end -11.75 6.25) (layer F.CrtYd) (width 0.05))
    (fp_line (start 3.25 -6.25) (end 3.25 6.25) (layer F.CrtYd) (width 0.05))
    (fp_line (start -11.75 -6.25) (end 3.25 -6.25) (layer F.CrtYd) (width 0.05))
    (pad "" np_thru_hole circle (at -7.5 5 90) (size 1.2 1.2) (drill 1.2) (layers *.Cu *.Mask))
    (pad "" np_thru_hole circle (at -5 5 90) (size 1.2 1.2) (drill 1.2) (layers *.Cu *.Mask))
    (pad "" np_thru_hole circle (at -7.5 -5 90) (size 1.2 1.2) (drill 1.2) (layers *.Cu *.Mask))
    (pad "" np_thru_hole circle (at -5 -5 90) (size 1.2 1.2) (drill 1.2) (layers *.Cu *.Mask))
    (pad "" np_thru_hole circle (at 0 0 90) (size 1.2 1.2) (drill 1.2) (layers *.Cu *.Mask))
    (pad 1 thru_hole rect (at -5 0 90) (size 1.8 2.5) (drill oval 0.8 1.5) (layers *.Cu *.Mask)
      (net 61 +12V))
    (pad 2 thru_hole rect (at 0 5 90) (size 2.5 1.8) (drill oval 1.5 0.8) (layers *.Cu *.Mask)
      (net 4 "Net-(CON2-Pad2)"))
    (pad 3 thru_hole rect (at 0 -5 90) (size 2.5 1.8) (drill oval 1.5 0.8) (layers *.Cu *.Mask)
      (net 5 "Net-(CON2-Pad3)"))
  )

  (module digikey-footprints:Headphone_Jack_3.5mm_SJ1-3523N (layer F.Cu) (tedit 5C87D9A9) (tstamp 5E38532C)
    (at 142.494 120.396 90)
    (descr http://www.cui.com/product/resource/sj1-352xn-series.pdf)
    (path /5E245E3A)
    (fp_text reference CON3 (at -4.5 -7 90) (layer F.SilkS)
      (effects (font (size 1 1) (thickness 0.15)))
    )
    (fp_text value SJ1-3523N (at -4.25 7.5 90) (layer F.Fab)
      (effects (font (size 1 1) (thickness 0.15)))
    )
    (fp_line (start -11.75 -6.25) (end 3.25 -6.25) (layer F.CrtYd) (width 0.05))
    (fp_line (start 3.25 -6.25) (end 3.25 6.25) (layer F.CrtYd) (width 0.05))
    (fp_line (start -11.75 -6.25) (end -11.75 6.25) (layer F.CrtYd) (width 0.05))
    (fp_line (start -11.75 6.25) (end 3.25 6.25) (layer F.CrtYd) (width 0.05))
    (fp_line (start -10.8 6.1) (end -11.4 6.1) (layer F.SilkS) (width 0.1))
    (fp_line (start -11.4 6.1) (end -11.4 4.9) (layer F.SilkS) (width 0.1))
    (fp_line (start 2.2 6.1) (end 2.8 6.1) (layer F.SilkS) (width 0.1))
    (fp_line (start 2.8 6.1) (end 2.8 4.7) (layer F.SilkS) (width 0.1))
    (fp_line (start 2.2 -6.1) (end 2.8 -6.1) (layer F.SilkS) (width 0.1))
    (fp_line (start 2.8 -6.1) (end 2.8 -4.6) (layer F.SilkS) (width 0.1))
    (fp_line (start -10.1 -6.1) (end -10.5 -6.1) (layer F.SilkS) (width 0.1))
    (fp_line (start -10.5 -6.1) (end -11.4 -5.2) (layer F.SilkS) (width 0.1))
    (fp_line (start -11.4 -5.2) (end -11.4 -4.9) (layer F.SilkS) (width 0.1))
    (fp_line (start -11.4 -4.9) (end -11.6 -4.9) (layer F.SilkS) (width 0.1))
    (fp_line (start -11.3 -5.1) (end -11.3 6) (layer F.Fab) (width 0.1))
    (fp_line (start -10.4 -6) (end 2.7 -6) (layer F.Fab) (width 0.1))
    (fp_line (start -11.3 -5.1) (end -10.4 -6) (layer F.Fab) (width 0.1))
    (fp_text user %R (at -8.25 0 90) (layer F.Fab)
      (effects (font (size 1 1) (thickness 0.15)))
    )
    (fp_line (start 2.7 -6) (end 2.7 6) (layer F.Fab) (width 0.1))
    (fp_line (start -11.3 6) (end 2.7 6) (layer F.Fab) (width 0.1))
    (pad 3 thru_hole rect (at 0 -5 90) (size 2.5 1.8) (drill oval 1.5 0.8) (layers *.Cu *.Mask)
      (net 6 "Net-(CON3-Pad3)"))
    (pad 2 thru_hole rect (at 0 5 90) (size 2.5 1.8) (drill oval 1.5 0.8) (layers *.Cu *.Mask)
      (net 7 "Net-(CON3-Pad2)"))
    (pad 1 thru_hole rect (at -5 0 90) (size 1.8 2.5) (drill oval 0.8 1.5) (layers *.Cu *.Mask)
      (net 61 +12V))
    (pad "" np_thru_hole circle (at 0 0 90) (size 1.2 1.2) (drill 1.2) (layers *.Cu *.Mask))
    (pad "" np_thru_hole circle (at -5 -5 90) (size 1.2 1.2) (drill 1.2) (layers *.Cu *.Mask))
    (pad "" np_thru_hole circle (at -7.5 -5 90) (size 1.2 1.2) (drill 1.2) (layers *.Cu *.Mask))
    (pad "" np_thru_hole circle (at -5 5 90) (size 1.2 1.2) (drill 1.2) (layers *.Cu *.Mask))
    (pad "" np_thru_hole circle (at -7.5 5 90) (size 1.2 1.2) (drill 1.2) (layers *.Cu *.Mask))
  )

  (module digikey-footprints:Headphone_Jack_3.5mm_SJ1-3523N (layer F.Cu) (tedit 5C87D9A9) (tstamp 5E38534C)
    (at 157.734 120.396 90)
    (descr http://www.cui.com/product/resource/sj1-352xn-series.pdf)
    (path /5E267ABC)
    (fp_text reference CON4 (at -4.5 -7 90) (layer F.SilkS)
      (effects (font (size 1 1) (thickness 0.15)))
    )
    (fp_text value SJ1-3523N (at -4.25 7.5 90) (layer F.Fab)
      (effects (font (size 1 1) (thickness 0.15)))
    )
    (fp_line (start -11.75 -6.25) (end 3.25 -6.25) (layer F.CrtYd) (width 0.05))
    (fp_line (start 3.25 -6.25) (end 3.25 6.25) (layer F.CrtYd) (width 0.05))
    (fp_line (start -11.75 -6.25) (end -11.75 6.25) (layer F.CrtYd) (width 0.05))
    (fp_line (start -11.75 6.25) (end 3.25 6.25) (layer F.CrtYd) (width 0.05))
    (fp_line (start -10.8 6.1) (end -11.4 6.1) (layer F.SilkS) (width 0.1))
    (fp_line (start -11.4 6.1) (end -11.4 4.9) (layer F.SilkS) (width 0.1))
    (fp_line (start 2.2 6.1) (end 2.8 6.1) (layer F.SilkS) (width 0.1))
    (fp_line (start 2.8 6.1) (end 2.8 4.7) (layer F.SilkS) (width 0.1))
    (fp_line (start 2.2 -6.1) (end 2.8 -6.1) (layer F.SilkS) (width 0.1))
    (fp_line (start 2.8 -6.1) (end 2.8 -4.6) (layer F.SilkS) (width 0.1))
    (fp_line (start -10.1 -6.1) (end -10.5 -6.1) (layer F.SilkS) (width 0.1))
    (fp_line (start -10.5 -6.1) (end -11.4 -5.2) (layer F.SilkS) (width 0.1))
    (fp_line (start -11.4 -5.2) (end -11.4 -4.9) (layer F.SilkS) (width 0.1))
    (fp_line (start -11.4 -4.9) (end -11.6 -4.9) (layer F.SilkS) (width 0.1))
    (fp_line (start -11.3 -5.1) (end -11.3 6) (layer F.Fab) (width 0.1))
    (fp_line (start -10.4 -6) (end 2.7 -6) (layer F.Fab) (width 0.1))
    (fp_line (start -11.3 -5.1) (end -10.4 -6) (layer F.Fab) (width 0.1))
    (fp_text user %R (at -8.25 0 90) (layer F.Fab)
      (effects (font (size 1 1) (thickness 0.15)))
    )
    (fp_line (start 2.7 -6) (end 2.7 6) (layer F.Fab) (width 0.1))
    (fp_line (start -11.3 6) (end 2.7 6) (layer F.Fab) (width 0.1))
    (pad 3 thru_hole rect (at 0 -5 90) (size 2.5 1.8) (drill oval 1.5 0.8) (layers *.Cu *.Mask)
      (net 8 "Net-(CON4-Pad3)"))
    (pad 2 thru_hole rect (at 0 5 90) (size 2.5 1.8) (drill oval 1.5 0.8) (layers *.Cu *.Mask)
      (net 9 "Net-(CON4-Pad2)"))
    (pad 1 thru_hole rect (at -5 0 90) (size 1.8 2.5) (drill oval 0.8 1.5) (layers *.Cu *.Mask)
      (net 61 +12V))
    (pad "" np_thru_hole circle (at 0 0 90) (size 1.2 1.2) (drill 1.2) (layers *.Cu *.Mask))
    (pad "" np_thru_hole circle (at -5 -5 90) (size 1.2 1.2) (drill 1.2) (layers *.Cu *.Mask))
    (pad "" np_thru_hole circle (at -7.5 -5 90) (size 1.2 1.2) (drill 1.2) (layers *.Cu *.Mask))
    (pad "" np_thru_hole circle (at -5 5 90) (size 1.2 1.2) (drill 1.2) (layers *.Cu *.Mask))
    (pad "" np_thru_hole circle (at -7.5 5 90) (size 1.2 1.2) (drill 1.2) (layers *.Cu *.Mask))
  )

  (module digikey-footprints:Headphone_Jack_3.5mm_SJ1-3523N (layer F.Cu) (tedit 5C87D9A9) (tstamp 5E38536C)
    (at 173.482 120.142 90)
    (descr http://www.cui.com/product/resource/sj1-352xn-series.pdf)
    (path /5E26C111)
    (fp_text reference CON5 (at -4.5 -7 90) (layer F.SilkS)
      (effects (font (size 1 1) (thickness 0.15)))
    )
    (fp_text value SJ1-3523N (at -4.25 7.5 90) (layer F.Fab)
      (effects (font (size 1 1) (thickness 0.15)))
    )
    (fp_line (start -11.3 6) (end 2.7 6) (layer F.Fab) (width 0.1))
    (fp_line (start 2.7 -6) (end 2.7 6) (layer F.Fab) (width 0.1))
    (fp_text user %R (at -8.25 0 90) (layer F.Fab)
      (effects (font (size 1 1) (thickness 0.15)))
    )
    (fp_line (start -11.3 -5.1) (end -10.4 -6) (layer F.Fab) (width 0.1))
    (fp_line (start -10.4 -6) (end 2.7 -6) (layer F.Fab) (width 0.1))
    (fp_line (start -11.3 -5.1) (end -11.3 6) (layer F.Fab) (width 0.1))
    (fp_line (start -11.4 -4.9) (end -11.6 -4.9) (layer F.SilkS) (width 0.1))
    (fp_line (start -11.4 -5.2) (end -11.4 -4.9) (layer F.SilkS) (width 0.1))
    (fp_line (start -10.5 -6.1) (end -11.4 -5.2) (layer F.SilkS) (width 0.1))
    (fp_line (start -10.1 -6.1) (end -10.5 -6.1) (layer F.SilkS) (width 0.1))
    (fp_line (start 2.8 -6.1) (end 2.8 -4.6) (layer F.SilkS) (width 0.1))
    (fp_line (start 2.2 -6.1) (end 2.8 -6.1) (layer F.SilkS) (width 0.1))
    (fp_line (start 2.8 6.1) (end 2.8 4.7) (layer F.SilkS) (width 0.1))
    (fp_line (start 2.2 6.1) (end 2.8 6.1) (layer F.SilkS) (width 0.1))
    (fp_line (start -11.4 6.1) (end -11.4 4.9) (layer F.SilkS) (width 0.1))
    (fp_line (start -10.8 6.1) (end -11.4 6.1) (layer F.SilkS) (width 0.1))
    (fp_line (start -11.75 6.25) (end 3.25 6.25) (layer F.CrtYd) (width 0.05))
    (fp_line (start -11.75 -6.25) (end -11.75 6.25) (layer F.CrtYd) (width 0.05))
    (fp_line (start 3.25 -6.25) (end 3.25 6.25) (layer F.CrtYd) (width 0.05))
    (fp_line (start -11.75 -6.25) (end 3.25 -6.25) (layer F.CrtYd) (width 0.05))
    (pad "" np_thru_hole circle (at -7.5 5 90) (size 1.2 1.2) (drill 1.2) (layers *.Cu *.Mask))
    (pad "" np_thru_hole circle (at -5 5 90) (size 1.2 1.2) (drill 1.2) (layers *.Cu *.Mask))
    (pad "" np_thru_hole circle (at -7.5 -5 90) (size 1.2 1.2) (drill 1.2) (layers *.Cu *.Mask))
    (pad "" np_thru_hole circle (at -5 -5 90) (size 1.2 1.2) (drill 1.2) (layers *.Cu *.Mask))
    (pad "" np_thru_hole circle (at 0 0 90) (size 1.2 1.2) (drill 1.2) (layers *.Cu *.Mask))
    (pad 1 thru_hole rect (at -5 0 90) (size 1.8 2.5) (drill oval 0.8 1.5) (layers *.Cu *.Mask)
      (net 10 "Net-(CON5-Pad1)"))
    (pad 2 thru_hole rect (at 0 5 90) (size 2.5 1.8) (drill oval 1.5 0.8) (layers *.Cu *.Mask)
      (net 11 "Net-(CON5-Pad2)"))
    (pad 3 thru_hole rect (at 0 -5 90) (size 2.5 1.8) (drill oval 1.5 0.8) (layers *.Cu *.Mask)
      (net 12 "Net-(CON5-Pad3)"))
  )

  (module digikey-footprints:PinHeader_1x3_P2.54_Drill1.1mm (layer F.Cu) (tedit 5A4528F9) (tstamp 5E3853B4)
    (at 201.422 113.792)
    (path /5E4DFBF1)
    (fp_text reference J3 (at 2.85 -2.28) (layer F.SilkS)
      (effects (font (size 1 1) (thickness 0.15)))
    )
    (fp_text value 640456-3 (at 2.71 2.7) (layer F.Fab)
      (effects (font (size 1 1) (thickness 0.15)))
    )
    (fp_line (start -1.52 1.52) (end 6.6 1.52) (layer F.CrtYd) (width 0.05))
    (fp_line (start 6.6 -1.52) (end 6.6 1.52) (layer F.CrtYd) (width 0.05))
    (fp_line (start -1.52 -1.52) (end -1.52 1.52) (layer F.CrtYd) (width 0.05))
    (fp_line (start -1.52 -1.52) (end 6.6 -1.52) (layer F.CrtYd) (width 0.05))
    (fp_line (start 6.5 1.4) (end 6.5 0.9) (layer F.SilkS) (width 0.1))
    (fp_line (start 6.5 1.4) (end 6 1.4) (layer F.SilkS) (width 0.1))
    (fp_line (start -1.4 1.4) (end -0.9 1.4) (layer F.SilkS) (width 0.1))
    (fp_line (start -1.4 1.4) (end -1.4 0.9) (layer F.SilkS) (width 0.1))
    (fp_line (start -1.4 -1.4) (end -1.4 -0.9) (layer F.SilkS) (width 0.1))
    (fp_line (start -1.4 -1.4) (end -0.9 -1.4) (layer F.SilkS) (width 0.1))
    (fp_line (start 6.5 -1.4) (end 6.5 -0.9) (layer F.SilkS) (width 0.1))
    (fp_line (start 6.5 -1.4) (end 6 -1.4) (layer F.SilkS) (width 0.1))
    (fp_line (start -1.27 1.27) (end 6.35 1.27) (layer F.Fab) (width 0.1))
    (fp_line (start -1.27 -1.27) (end -1.27 1.27) (layer F.Fab) (width 0.1))
    (fp_line (start 6.35 -1.27) (end 6.35 1.27) (layer F.Fab) (width 0.1))
    (fp_line (start -1.27 -1.27) (end 6.35 -1.27) (layer F.Fab) (width 0.1))
    (pad 1 thru_hole circle (at 0 0) (size 2.1 2.1) (drill 1.1) (layers *.Cu *.Mask)
      (net 1 "Net-(CON1-Pad3)"))
    (pad 2 thru_hole circle (at 2.54 0) (size 2.1 2.1) (drill 1.1) (layers *.Cu *.Mask)
      (net 60 "Net-(J3-Pad2)"))
    (pad 3 thru_hole circle (at 5.08 0) (size 2.1 2.1) (drill 1.1) (layers *.Cu *.Mask)
      (net 3 GND))
  )

  (module digikey-footprints:Term_Block_1x2_P5mm (layer F.Cu) (tedit 5D4199AF) (tstamp 5E3853CB)
    (at 149.606 67.31 180)
    (descr http://www.on-shore.com/wp-content/uploads/2015/09/osttcxx0162.pdf)
    (path /5E40CE9F)
    (fp_text reference J4 (at 2.7 -4.8) (layer F.SilkS)
      (effects (font (size 1 1) (thickness 0.15)))
    )
    (fp_text value OSTTC020162 (at 2.05 5.05) (layer F.Fab)
      (effects (font (size 1 1) (thickness 0.15)))
    )
    (fp_line (start -2.5 -3.75) (end -2.5 3.75) (layer F.Fab) (width 0.1))
    (fp_line (start -2.75 -4) (end -2.75 4) (layer F.CrtYd) (width 0.05))
    (fp_line (start 7.5 -3.75) (end -2.5 -3.75) (layer F.Fab) (width 0.1))
    (fp_line (start 7.5 3.75) (end -2.5 3.75) (layer F.Fab) (width 0.1))
    (fp_line (start 7.5 -3.75) (end 7.5 3.75) (layer F.Fab) (width 0.1))
    (fp_line (start -2.75 4) (end 7.75 4) (layer F.CrtYd) (width 0.05))
    (fp_line (start 7.75 -4) (end 7.75 4) (layer F.CrtYd) (width 0.05))
    (fp_line (start -2.75 -4) (end 7.75 -4) (layer F.CrtYd) (width 0.05))
    (fp_line (start 7.6 -3.85) (end 7.1 -3.85) (layer F.SilkS) (width 0.1))
    (fp_line (start 7.6 -3.85) (end 7.6 -3.4) (layer F.SilkS) (width 0.1))
    (fp_line (start -2.6 -3.85) (end -2.6 -3.4) (layer F.SilkS) (width 0.1))
    (fp_line (start -2.6 -3.85) (end -2.1 -3.85) (layer F.SilkS) (width 0.1))
    (fp_line (start -2.6 3.85) (end -2.1 3.85) (layer F.SilkS) (width 0.1))
    (fp_line (start -2.6 3.85) (end -2.6 3.35) (layer F.SilkS) (width 0.1))
    (fp_line (start 7.6 3.85) (end 7.6 3.35) (layer F.SilkS) (width 0.1))
    (fp_line (start 7.6 3.85) (end 7.1 3.85) (layer F.SilkS) (width 0.1))
    (fp_text user %R (at 2.5 0) (layer F.Fab)
      (effects (font (size 1 1) (thickness 0.15)))
    )
    (pad 2 thru_hole circle (at 5 0 180) (size 2.5 2.5) (drill 1.3) (layers *.Cu *.Mask)
      (net 15 "Net-(J4-Pad2)"))
    (pad 1 thru_hole rect (at 0 0 180) (size 2.5 2.5) (drill 1.3) (layers *.Cu *.Mask)
      (net 16 "Net-(J4-Pad1)"))
  )

  (module digikey-footprints:Term_Block_1x2_P5mm (layer F.Cu) (tedit 5D4199AF) (tstamp 5E38912C)
    (at 181.102 67.056 180)
    (descr http://www.on-shore.com/wp-content/uploads/2015/09/osttcxx0162.pdf)
    (path /5E40E16C)
    (fp_text reference J5 (at 2.7 -4.8) (layer F.SilkS)
      (effects (font (size 1 1) (thickness 0.15)))
    )
    (fp_text value OSTTC020162 (at 2.05 5.05) (layer F.Fab)
      (effects (font (size 1 1) (thickness 0.15)))
    )
    (fp_text user %R (at 2.5 0) (layer F.Fab)
      (effects (font (size 1 1) (thickness 0.15)))
    )
    (fp_line (start 7.6 3.85) (end 7.1 3.85) (layer F.SilkS) (width 0.1))
    (fp_line (start 7.6 3.85) (end 7.6 3.35) (layer F.SilkS) (width 0.1))
    (fp_line (start -2.6 3.85) (end -2.6 3.35) (layer F.SilkS) (width 0.1))
    (fp_line (start -2.6 3.85) (end -2.1 3.85) (layer F.SilkS) (width 0.1))
    (fp_line (start -2.6 -3.85) (end -2.1 -3.85) (layer F.SilkS) (width 0.1))
    (fp_line (start -2.6 -3.85) (end -2.6 -3.4) (layer F.SilkS) (width 0.1))
    (fp_line (start 7.6 -3.85) (end 7.6 -3.4) (layer F.SilkS) (width 0.1))
    (fp_line (start 7.6 -3.85) (end 7.1 -3.85) (layer F.SilkS) (width 0.1))
    (fp_line (start -2.75 -4) (end 7.75 -4) (layer F.CrtYd) (width 0.05))
    (fp_line (start 7.75 -4) (end 7.75 4) (layer F.CrtYd) (width 0.05))
    (fp_line (start -2.75 4) (end 7.75 4) (layer F.CrtYd) (width 0.05))
    (fp_line (start 7.5 -3.75) (end 7.5 3.75) (layer F.Fab) (width 0.1))
    (fp_line (start 7.5 3.75) (end -2.5 3.75) (layer F.Fab) (width 0.1))
    (fp_line (start 7.5 -3.75) (end -2.5 -3.75) (layer F.Fab) (width 0.1))
    (fp_line (start -2.75 -4) (end -2.75 4) (layer F.CrtYd) (width 0.05))
    (fp_line (start -2.5 -3.75) (end -2.5 3.75) (layer F.Fab) (width 0.1))
    (pad 1 thru_hole rect (at 0 0 180) (size 2.5 2.5) (drill 1.3) (layers *.Cu *.Mask)
      (net 17 "Net-(J5-Pad1)"))
    (pad 2 thru_hole circle (at 5 0 180) (size 2.5 2.5) (drill 1.3) (layers *.Cu *.Mask)
      (net 18 "Net-(J5-Pad2)"))
  )

  (module SAMTEC-MTSW-118-10-X-D-640:SAMTEC-MTSW-118-10-X-D-640 (layer F.Cu) (tedit 5E37432D) (tstamp 5E385887)
    (at 68.072 96.52 270)
    (descr "translated Allegro footprint")
    (path /5E3977FD)
    (fp_text reference J6 (at -25.3785 4.39951 90) (layer F.SilkS)
      (effects (font (size 1.5 1.5) (thickness 0.015)))
    )
    (fp_text value SAMTEC-MTSW-118-10-X-D-640 (at 0 0.382499 90) (layer F.Fab)
      (effects (font (size 0.5 0.5) (thickness 0.015)))
    )
    (fp_line (start -23.561 2.54) (end -28.26 2.54) (layer Dwgs.User) (width 0.1))
    (fp_line (start -27.559 0.318008) (end -27.559 2.54) (layer Dwgs.User) (width 0.1))
    (fp_line (start -27.718 1.905) (end -27.559 2.54) (layer Dwgs.User) (width 0.1))
    (fp_line (start -27.559 2.54) (end -27.4 1.905) (layer Dwgs.User) (width 0.1))
    (fp_line (start -27.4 1.905) (end -27.559 2.032) (layer Dwgs.User) (width 0.1))
    (fp_line (start -27.559 2.032) (end -27.718 1.905) (layer Dwgs.User) (width 0.1))
    (fp_line (start -27.559 2.54) (end -27.48 1.96799) (layer Dwgs.User) (width 0.1))
    (fp_line (start -27.48 1.96799) (end -27.559 2.032) (layer Dwgs.User) (width 0.1))
    (fp_line (start -27.559 2.032) (end -27.559 2.54) (layer Dwgs.User) (width 0.1))
    (fp_line (start -27.559 2.54) (end -27.638 1.96799) (layer Dwgs.User) (width 0.1))
    (fp_line (start -27.638 1.96799) (end -27.718 1.905) (layer Dwgs.User) (width 0.1))
    (fp_line (start -23.561 -2.54) (end -28.26 -2.54) (layer Dwgs.User) (width 0.1))
    (fp_line (start -27.559 -0.318008) (end -27.559 -2.54) (layer Dwgs.User) (width 0.1))
    (fp_line (start -27.4 -1.905) (end -27.559 -2.54) (layer Dwgs.User) (width 0.1))
    (fp_line (start -27.559 -2.54) (end -27.718 -1.905) (layer Dwgs.User) (width 0.1))
    (fp_line (start -27.718 -1.905) (end -27.559 -2.032) (layer Dwgs.User) (width 0.1))
    (fp_line (start -27.559 -2.032) (end -27.4 -1.905) (layer Dwgs.User) (width 0.1))
    (fp_line (start -27.559 -2.54) (end -27.638 -1.96799) (layer Dwgs.User) (width 0.1))
    (fp_line (start -27.638 -1.96799) (end -27.559 -2.032) (layer Dwgs.User) (width 0.1))
    (fp_line (start -27.559 -2.032) (end -27.559 -2.54) (layer Dwgs.User) (width 0.1))
    (fp_line (start -27.559 -2.54) (end -27.48 -1.96799) (layer Dwgs.User) (width 0.1))
    (fp_line (start -27.48 -1.96799) (end -27.4 -1.905) (layer Dwgs.User) (width 0.1))
    (fp_poly (pts (xy -24.991 4.67101) (xy -24.991 -4.67101) (xy 24.991 -4.67101) (xy 24.991 4.67101)
      (xy -24.991 4.67101)) (layer B.CrtYd) (width 0))
    (fp_line (start -22.291 1.27) (end -26.355 1.27) (layer Dwgs.User) (width 0.1))
    (fp_line (start -25.654 0.318008) (end -25.654 1.27) (layer Dwgs.User) (width 0.1))
    (fp_line (start -25.813 0.635) (end -25.654 1.27) (layer Dwgs.User) (width 0.1))
    (fp_line (start -25.654 1.27) (end -25.495 0.635) (layer Dwgs.User) (width 0.1))
    (fp_line (start -25.495 0.635) (end -25.654 0.762) (layer Dwgs.User) (width 0.1))
    (fp_line (start -25.654 0.762) (end -25.813 0.635) (layer Dwgs.User) (width 0.1))
    (fp_line (start -25.654 1.27) (end -25.575 0.697992) (layer Dwgs.User) (width 0.1))
    (fp_line (start -25.575 0.697992) (end -25.654 0.762) (layer Dwgs.User) (width 0.1))
    (fp_line (start -25.654 0.762) (end -25.654 1.27) (layer Dwgs.User) (width 0.1))
    (fp_line (start -25.654 1.27) (end -25.733 0.697992) (layer Dwgs.User) (width 0.1))
    (fp_line (start -25.733 0.697992) (end -25.813 0.635) (layer Dwgs.User) (width 0.1))
    (fp_line (start -22.291 -1.27) (end -26.355 -1.27) (layer Dwgs.User) (width 0.1))
    (fp_line (start -25.654 -0.318008) (end -25.654 -1.27) (layer Dwgs.User) (width 0.1))
    (fp_line (start -25.495 -0.635) (end -25.654 -1.27) (layer Dwgs.User) (width 0.1))
    (fp_line (start -25.654 -1.27) (end -25.813 -0.635) (layer Dwgs.User) (width 0.1))
    (fp_line (start -25.813 -0.635) (end -25.654 -0.762) (layer Dwgs.User) (width 0.1))
    (fp_line (start -25.654 -0.762) (end -25.495 -0.635) (layer Dwgs.User) (width 0.1))
    (fp_line (start -25.654 -1.27) (end -25.733 -0.697992) (layer Dwgs.User) (width 0.1))
    (fp_line (start -25.733 -0.697992) (end -25.654 -0.762) (layer Dwgs.User) (width 0.1))
    (fp_line (start -25.654 -0.762) (end -25.654 -1.27) (layer Dwgs.User) (width 0.1))
    (fp_line (start -25.654 -1.27) (end -25.575 -0.697992) (layer Dwgs.User) (width 0.1))
    (fp_line (start -25.575 -0.697992) (end -25.495 -0.635) (layer Dwgs.User) (width 0.1))
    (fp_line (start -22.86 3.24099) (end -22.86 4.97601) (layer Dwgs.User) (width 0.1))
    (fp_line (start -0.991006 4.275) (end -22.86 4.275) (layer Dwgs.User) (width 0.1))
    (fp_line (start -22.225 4.11599) (end -22.86 4.275) (layer Dwgs.User) (width 0.1))
    (fp_line (start -22.86 4.275) (end -22.225 4.434) (layer Dwgs.User) (width 0.1))
    (fp_line (start -22.225 4.434) (end -22.352 4.275) (layer Dwgs.User) (width 0.1))
    (fp_line (start -22.352 4.275) (end -22.225 4.11599) (layer Dwgs.User) (width 0.1))
    (fp_line (start -22.86 4.275) (end -22.288 4.35399) (layer Dwgs.User) (width 0.1))
    (fp_line (start -22.288 4.35399) (end -22.352 4.275) (layer Dwgs.User) (width 0.1))
    (fp_line (start -22.352 4.275) (end -22.86 4.275) (layer Dwgs.User) (width 0.1))
    (fp_line (start -22.86 4.275) (end -22.288 4.19499) (layer Dwgs.User) (width 0.1))
    (fp_line (start -22.288 4.19499) (end -22.225 4.11599) (layer Dwgs.User) (width 0.1))
    (fp_poly (pts (xy -23.545 3.22501) (xy -23.545 -3.22501) (xy 23.545 -3.22501) (xy 23.545 3.22501)
      (xy -23.545 3.22501)) (layer F.CrtYd) (width 0))
    (fp_line (start -22.86 -2.54) (end -22.86 2.54) (layer F.Fab) (width 0.1))
    (fp_line (start -22.86 2.54) (end -20.574 2.54) (layer F.Fab) (width 0.1))
    (fp_line (start -20.454 1.71399) (end -20.32 1.71399) (layer F.Fab) (width 0.1))
    (fp_line (start -21.272 0.951992) (end -21.272 1.58801) (layer F.Fab) (width 0.1))
    (fp_line (start -21.908 1.58801) (end -21.908 0.951992) (layer F.Fab) (width 0.1))
    (fp_line (start -21.908 0.951992) (end -21.272 0.951992) (layer F.Fab) (width 0.1))
    (fp_line (start -21.272 1.58801) (end -21.908 1.58801) (layer F.Fab) (width 0.1))
    (fp_line (start -20.574 2.54) (end -20.574 -2.54) (layer F.Fab) (width 0.1))
    (fp_line (start -20.574 -1.27) (end -20.437 -0.762) (layer F.Fab) (width 0.1))
    (fp_line (start -20.437 -0.762) (end -20.32 -0.762) (layer F.Fab) (width 0.1))
    (fp_line (start -20.32 -0.762) (end -20.32 0.762) (layer F.Fab) (width 0.1))
    (fp_line (start -20.32 0.762) (end -20.437 0.762) (layer F.Fab) (width 0.1))
    (fp_line (start -20.437 0.762) (end -20.574 1.27) (layer F.Fab) (width 0.1))
    (fp_line (start -20.574 2.54) (end -20.45 2.286) (layer F.Fab) (width 0.1))
    (fp_line (start -20.45 2.286) (end -20.32 2.286) (layer F.Fab) (width 0.1))
    (fp_line (start -20.32 2.286) (end -20.32 1.778) (layer F.Fab) (width 0.1))
    (fp_line (start -20.32 1.778) (end -20.437 1.778) (layer F.Fab) (width 0.1))
    (fp_line (start -20.437 1.778) (end -20.574 1.27) (layer F.Fab) (width 0.1))
    (fp_line (start -20.574 2.108) (end -21.016 2.108) (layer F.Fab) (width 0.1))
    (fp_line (start -21.016 2.108) (end -21.016 2.54) (layer F.Fab) (width 0.1))
    (fp_line (start -22.596 2.54) (end -22.596 2.108) (layer F.Fab) (width 0.1))
    (fp_line (start -22.596 2.108) (end -22.164 2.108) (layer F.Fab) (width 0.1))
    (fp_line (start -22.164 2.108) (end -22.164 2.54) (layer F.Fab) (width 0.1))
    (fp_line (start -20.186 1.71399) (end -20.32 1.71399) (layer F.Fab) (width 0.1))
    (fp_line (start -20.066 2.54) (end -20.19 2.286) (layer F.Fab) (width 0.1))
    (fp_line (start -20.19 2.286) (end -20.32 2.286) (layer F.Fab) (width 0.1))
    (fp_line (start -20.32 2.286) (end -20.32 1.778) (layer F.Fab) (width 0.1))
    (fp_line (start -20.32 1.778) (end -20.203 1.778) (layer F.Fab) (width 0.1))
    (fp_line (start -20.203 1.778) (end -20.066 1.27) (layer F.Fab) (width 0.1))
    (fp_line (start -20.066 1.27) (end -20.203 0.762) (layer F.Fab) (width 0.1))
    (fp_line (start -20.203 0.762) (end -20.32 0.762) (layer F.Fab) (width 0.1))
    (fp_line (start -20.32 0.762) (end -20.32 -0.762) (layer F.Fab) (width 0.1))
    (fp_line (start -20.32 -0.762) (end -20.203 -0.762) (layer F.Fab) (width 0.1))
    (fp_line (start -20.203 -0.762) (end -20.066 -1.27) (layer F.Fab) (width 0.1))
    (fp_line (start -23.31 -2.99001) (end -23.31 2.99001) (layer F.SilkS) (width 0.2))
    (fp_line (start -23.31 -2.99001) (end -23.31 2.99001) (layer Dwgs.User) (width 0.1))
    (fp_line (start -23.31 2.99001) (end 23.31 2.99001) (layer F.SilkS) (width 0.2))
    (fp_line (start -23.31 2.99001) (end 23.31 2.99001) (layer Dwgs.User) (width 0.1))
    (fp_line (start 23.31 2.99001) (end 23.31 -2.99001) (layer F.SilkS) (width 0.2))
    (fp_line (start 23.31 2.99001) (end 23.31 -2.99001) (layer Dwgs.User) (width 0.1))
    (fp_line (start 23.31 -2.99001) (end -23.31 -2.99001) (layer F.SilkS) (width 0.2))
    (fp_line (start 23.31 -2.99001) (end -23.31 -2.99001) (layer Dwgs.User) (width 0.1))
    (fp_line (start -20.574 -2.54) (end -22.86 -2.54) (layer F.Fab) (width 0.1))
    (fp_line (start -20.454 -1.71399) (end -20.32 -1.71399) (layer F.Fab) (width 0.1))
    (fp_line (start -21.908 -0.951992) (end -21.908 -1.58801) (layer F.Fab) (width 0.1))
    (fp_line (start -21.272 -1.58801) (end -21.908 -1.58801) (layer F.Fab) (width 0.1))
    (fp_line (start -21.272 -1.58801) (end -21.272 -0.951992) (layer F.Fab) (width 0.1))
    (fp_line (start -21.272 -0.951992) (end -21.908 -0.951992) (layer F.Fab) (width 0.1))
    (fp_line (start -20.574 -2.54) (end -20.45 -2.286) (layer F.Fab) (width 0.1))
    (fp_line (start -20.45 -2.286) (end -20.32 -2.286) (layer F.Fab) (width 0.1))
    (fp_line (start -20.32 -2.286) (end -20.32 -1.778) (layer F.Fab) (width 0.1))
    (fp_line (start -20.32 -1.778) (end -20.437 -1.778) (layer F.Fab) (width 0.1))
    (fp_line (start -20.437 -1.778) (end -20.574 -1.27) (layer F.Fab) (width 0.1))
    (fp_line (start -22.596 -2.54) (end -22.596 -2.108) (layer F.Fab) (width 0.1))
    (fp_line (start -22.596 -2.108) (end -22.164 -2.108) (layer F.Fab) (width 0.1))
    (fp_line (start -22.164 -2.108) (end -22.164 -2.54) (layer F.Fab) (width 0.1))
    (fp_line (start -20.574 -2.54) (end -20.574 -2.108) (layer F.Fab) (width 0.1))
    (fp_line (start -20.574 -2.108) (end -21.016 -2.108) (layer F.Fab) (width 0.1))
    (fp_line (start -21.016 -2.108) (end -21.016 -2.54) (layer F.Fab) (width 0.1))
    (fp_line (start -20.186 -1.71399) (end -20.32 -1.71399) (layer F.Fab) (width 0.1))
    (fp_line (start -20.066 -1.27) (end -20.203 -1.778) (layer F.Fab) (width 0.1))
    (fp_line (start -20.203 -1.778) (end -20.32 -1.778) (layer F.Fab) (width 0.1))
    (fp_line (start -20.32 -1.778) (end -20.32 -2.286) (layer F.Fab) (width 0.1))
    (fp_line (start -20.32 -2.286) (end -20.19 -2.286) (layer F.Fab) (width 0.1))
    (fp_line (start -20.19 -2.286) (end -20.066 -2.54) (layer F.Fab) (width 0.1))
    (fp_line (start -21.59 -1.97099) (end -21.59 -4.76499) (layer Dwgs.User) (width 0.1))
    (fp_line (start -21.59 -1.97099) (end -21.59 -5.78099) (layer Dwgs.User) (width 0.1))
    (fp_line (start -22.708 -4.064) (end -21.59 -4.064) (layer Dwgs.User) (width 0.1))
    (fp_line (start -20.955 -4.223) (end -21.59 -4.064) (layer Dwgs.User) (width 0.1))
    (fp_line (start -21.59 -4.064) (end -20.955 -3.905) (layer Dwgs.User) (width 0.1))
    (fp_line (start -20.955 -3.905) (end -21.082 -4.064) (layer Dwgs.User) (width 0.1))
    (fp_line (start -21.082 -4.064) (end -20.955 -4.223) (layer Dwgs.User) (width 0.1))
